4728
4636
4636
4636
4636
4636
5016
5016
5016
5016
5016
5016
5016
5016
5016
5016
5016
5016
5016
5016
5016
5016
5016
5016
5016
5016
5016
5016
5016
5016
5016
5016
5016
5016
5016
5016
5016
5016
5016
5016
5016
5016
5016
5016
5016
5016
5016
5016
5016
5016
5016
5016
5016
5016
5016
5016
5016
5016
5016
5016
5016
5040
5040
5040
5040
5040
5040
5040
5040
5040
5040
5040
5040
5044
5044
5044
5044
5044
5044
5044
5044
5044
5044
5044
5044
5044
5044
5040
5040
5040
Removed /home/pracht/progs/memory_test/.main.cpp~
Removed /home/pracht/fldev/.editor.cpp~
